       0.6014990053878944     1.5880450818915202e-06        0.29842061906465916    -3.8623752044513406e-06     -0.0013073068882995874      -5.91084615330739e-06         0.9999991454490569                       0.08  
        0.606452252107368     -0.0056017536510267535        0.25465774673975583                        0.0                        0.0                        0.0                        1.0                       0.08  
       0.6110155182888235      -0.008993018038711742        0.23707848100699153                        0.0                        0.0                        0.0                        1.0                       0.08  
       0.6113171579990362      -0.011525236728370702        0.20707604691432055                        0.0                        0.0                        0.0                        1.0                       0.08  
       0.6127158799133479      -0.013406996942139936        0.18825720759432174                        0.0                        0.0                        0.0                        1.0                       0.08  
       0.6143939293519772      -0.014805745420824312        0.17887330341553903                        0.0                        0.0                        0.0                        1.0                       0.08  
       0.6154888282826089      -0.015833231517125457         0.1732121217611136                        0.0                        0.0                        0.0                        1.0                       0.08  
       0.6160947951262504      -0.016587642935254488        0.16886690714167643                        0.0                        0.0                        0.0                        1.0                       0.08  
        0.616526698501811      -0.017144663212927735        0.16559789690302942                        0.0                        0.0                        0.0                        1.0                       0.08  
         0.61685242804452       -0.01755653045714648        0.16314724362873553                        0.0                        0.0                        0.0                        1.0                       0.08  
       0.6171028677093349      -0.017861262264743227          0.161315442394863                        0.0                        0.0                        0.0                        1.0                       0.08  
        0.617293645259118        -0.0180863536668752        0.15995254054440383                        0.0                        0.0                        0.0                        1.0                       0.08  
       0.6174361172710578      -0.018252182669356763        0.14964194819460563                        0.0                        0.0                        0.0                        1.0                       0.08  
       0.6176626622532194      -0.018377909804843672         0.1435367111195834                        0.0                        0.0                        0.0                        1.0                       0.08  
       0.6177613352787016      -0.018469572612018315         0.1388589634061433                        0.0                        0.0                        0.0                        1.0                       0.08  
       0.6178224681044396      -0.018537369201451583        0.13534321418129172                        0.0                        0.0                        0.0                        1.0                       0.08  
       0.6178578124067914      -0.018587198638419733        0.13272148584311186                        0.0                        0.0                        0.0                        1.0                       0.08  
       0.6178811904436952       -0.01862417009676769         0.1307642843736262                        0.0                        0.0                        0.0                        1.0                       0.08  
       0.6178982513782368       -0.01865161987906979        0.12930674069021156                        0.0                        0.0                        0.0                        1.0                       0.08  
       0.6178594255156722       -0.01864808881296287        0.12961294655098293                        0.0                        0.0                        0.0                        1.0                       0.04  
         0.57945225438283       -0.03555811998167281        0.15071511090576933                        0.0                        0.0                        0.0                        1.0                       0.04  
       0.5662219413558076       -0.04540115281628856        0.15461264750896483                        0.0                        0.0                        0.0                        1.0                       0.04  
       0.5425666428402142       -0.05251931462930781         0.1626329489854156                        0.0                        0.0                        0.0                        1.0                       0.04  
       0.5278379445420666       -0.05819602122280931         0.1681077818025366                        0.0                        0.0                        0.0                        1.0                       0.04  
       0.5193352674026492       -0.06270083716287243         0.1751256566852017                        0.0                        0.0                        0.0                        1.0                       0.04  
       0.5133719615893239       -0.06609388582516856        0.18094427488878867                        0.0                        0.0                        0.0                        1.0                       0.04  
       0.5080986263056361       -0.06859258017580608        0.18533449172719757                        0.0                        0.0                        0.0                        1.0                       0.04  
       0.5040664021870986       -0.07037613420865602        0.18878196354318438                        0.0                        0.0                        0.0                        1.0                       0.04  
       0.5008908661328221       -0.07166984966817136        0.19144068879145218                        0.0                        0.0                        0.0                        1.0                       0.04  
      0.49841411637440386       -0.07260415071167707        0.19348886716186697                        0.0                        0.0                        0.0                        1.0                       0.04  
       0.4964977804136466       -0.07327894405261928        0.19506193477929307                        0.0                        0.0                        0.0                        1.0                       0.04  
        0.495003333751899       -0.07376280890806151        0.19626176626178082                        0.0                        0.0                        0.0                        1.0                       0.04  
       0.4938449937839213       -0.07410939046745602        0.19717553468410012                        0.0                        0.0                        0.0                        1.0                       0.04  
       0.4929444918104671        -0.0743560912098693        0.19786837521417402                        0.0                        0.0                        0.0                        1.0                       0.04  
       0.4932772603023228       -0.07432238680916925         0.1977040191091884                        0.0                        0.0                        0.0                        1.0                       0.08  
        0.493272589230477        -0.0743304371823097        0.19772586527510455                        0.0                        0.0                        0.0                        1.0                       0.08  
