       0.6014990053878944     1.5880450818915202e-06        0.29842061906465916    -3.8623752044513406e-06     -0.0013073068882995874      -5.91084615330739e-06         0.9999991454490569                       0.08  
       0.6096289461444717      -0.012849596304663669        0.24720975452884436                        0.0                        0.0                        0.0                        1.0                       0.08  
        0.616144031785617       -0.01782863513919699         0.2229917999049111                        0.0                        0.0                        0.0                        1.0                       0.08  
       0.6173993997715042       -0.02852547213336909        0.17190834671895402                        0.0                        0.0                        0.0                        1.0                       0.08  
       0.6164663486676398      -0.014338584340721237        0.13260210441167117                        0.0                        0.0                        0.0                        1.0                       0.08  
       0.5827897613627887       -0.03728075392200667        0.13816922918549537                        0.0                        0.0                        0.0                        1.0                       0.04  
       0.5473374830088322      -0.044498198488782226        0.15006904526197784                        0.0                        0.0                        0.0                        1.0                       0.04  
       0.5538835269297675      -0.045065406009745665        0.17431843179534964                        0.0                        0.0                        0.0                        1.0                       0.04  
       0.5053408253483539      -0.058697389525093846          0.179308746968578                        0.0                        0.0                        0.0                        1.0                       0.04  
       0.4788806697628111      -0.058250653607598846        0.17349919406256198                        0.0                        0.0                        0.0                        1.0                       0.04  
       0.4985695396571427       -0.05812350766295256        0.18974334091679568                        0.0                        0.0                        0.0                        1.0                       0.04  
       0.4835946355797893      -0.062184325070865444        0.18492508167333777                        0.0                        0.0                        0.0                        1.0                       0.04  
       0.4744235805634426       -0.06794576926593343        0.17864604598351497                        0.0                        0.0                        0.0                        1.0                       0.04  
       0.4744235805634426       -0.06794576926593343        0.17864604598351497                        0.0                        0.0                        0.0                        1.0                       0.08  
